1 260 171 104
171 104 330 262
247 180 368 80
368 80 500 183
1 260 500 263
188 261 253 500
272 262 353 500
232 273 249 320
252 333 276 399
283 420 302 477
39 42 39 78
39 42 48 25
39 78 49 98
48 25 81 25
81 25 94 51
49 98 84 98
84 98 94 78
94 51 94 78
52 1 55 17
76 16 80 1
95 27 134 1
99 50 146 27
101 66 147 66
100 83 140 103
90 102 110 126
73 109 83 141
49 142 55 108
18 128 40 106
233 58 267 41
267 41 296 52
298 70 313 56
313 56 337 64
344 36 363 22
363 22 385 34
387 58 405 43
405 43 424 54
21 298 45 322
45 322 69 298
84 298 108 322
108 322 132 298
54 339 78 363
78 363 102 339
125 339 149 363
149 363 173 339
21 374 45 398
45 398 69 374
88 374 112 398
112 398 136 374
55 411 79 435
79 435 103 411
134 408 158 432
158 432 182 408
333 389 456 389
339 336 447 336
347 336 347 389
439 336 439 389
346 336 391 308
391 308 439 336
339 406 347 389
439 389 448 406
1 98 35 88
1 68 31 68
1 41 31 50
10 1 36 31
1 1 500 1
1 1 1 500
1 500 500 500
500 1 500 500