0 0
1 0
2 0
3 0
4 0
5 0
6 0
7 0
8 0
9 0
10 0
11 0
0 1
1 1
2 1
3 1
4 1
5 1
6 1
7 1
8 1
9 1
10 1
11 1
0 2
1 2
2 2
3 2
4 2
5 2
6 2
7 2
8 2
9 2
10 2
11 2
0 3
1 3
2 3
12 3
13 3
14 3
0 4
1 4
2 4
12 4
13 4
14 4
0 5
1 5
2 5
12 5
13 5
14 5
0 6
1 6
2 6
12 6
13 6
14 6
0 7
1 7
2 7
12 7
13 7
14 7
0 8
1 8
2 8
12 8
13 8
14 8
0 9
1 9
2 9
3 9
4 9
5 9
6 9
7 9
8 9
9 9
10 9
11 9
0 10
1 10
2 10
3 10
4 10
5 10
6 10
7 10
8 10
9 10
10 10
11 10
0 11
1 11
2 11
3 11
4 11
5 11
6 11
7 11
8 11
9 11
10 11
11 11
0 12
1 12
2 12
12 12
13 12
14 12
0 13
1 13
2 13
12 13
13 13
14 13
0 14
1 14
2 14
12 14
13 14
14 14
0 15
1 15
2 15
12 15
13 15
14 15
0 16
1 16
2 16
12 16
13 16
14 16
0 17
1 17
2 17
12 17
13 17
14 17
0 18
1 18
2 18
12 18
13 18
14 18
0 19
1 19
2 19
12 19
13 19
14 19
0 20
1 20
2 20
12 20
13 20
14 20
20 0
21 0
22 0
23 0
24 0
25 0
26 0
27 0
28 0
29 0
30 0
31 0
32 0
33 0
34 0
20 1
21 1
22 1
23 1
24 1
25 1
26 1
27 1
28 1
29 1
30 1
31 1
32 1
33 1
34 1
20 2
21 2
22 2
23 2
24 2
25 2
26 2
27 2
28 2
29 2
30 2
31 2
32 2
33 2
34 2
20 3
21 3
22 3
20 4
21 4
22 4
20 5
21 5
22 5
20 6
21 6
22 6
20 7
21 7
22 7
20 8
21 8
22 8
20 9
21 9
22 9
23 9
24 9
25 9
26 9
27 9
28 9
29 9
30 9
31 9
20 10
21 10
22 10
23 10
24 10
25 10
26 10
27 10
28 10
29 10
30 10
31 10
20 11
21 11
22 11
23 11
24 11
25 11
26 11
27 11
28 11
29 11
30 11
31 11
20 12
21 12
22 12
20 13
21 13
22 13
20 14
21 14
22 14
20 15
21 15
22 15
20 16
21 16
22 16
20 17
21 17
22 17
20 18
21 18
22 18
23 18
24 18
25 18
26 18
27 18
28 18
29 18
30 18
31 18
32 18
33 18
34 18
20 19
21 19
22 19
23 19
24 19
25 19
26 19
27 19
28 19
29 19
30 19
31 19
32 19
33 19
34 19
20 20
21 20
22 20
23 20
24 20
25 20
26 20
27 20
28 20
29 20
30 20
31 20
32 20
33 20
34 20
40 0
41 0
42 0
52 0
53 0
54 0
40 1
41 1
42 1
52 1
53 1
54 1
40 2
41 2
42 2
52 2
53 2
54 2
40 3
41 3
42 3
52 3
53 3
54 3
40 4
41 4
42 4
43 4
52 4
53 4
54 4
40 5
41 5
42 5
43 5
44 5
52 5
53 5
54 5
40 6
41 6
42 6
43 6
44 6
45 6
52 6
53 6
54 6
40 7
41 7
42 7
43 7
44 7
45 7
46 7
52 7
53 7
54 7
40 8
41 8
42 8
43 8
44 8
45 8
46 8
47 8
52 8
53 8
54 8
40 9
41 9
42 9
44 9
45 9
46 9
47 9
48 9
52 9
53 9
54 9
40 10
41 10
42 10
45 10
46 10
47 10
48 10
49 10
52 10
53 10
54 10
40 11
41 11
42 11
46 11
47 11
48 11
49 11
50 11
52 11
53 11
54 11
40 12
41 12
42 12
47 12
48 12
49 12
50 12
51 12
52 12
53 12
54 12
40 13
41 13
42 13
48 13
49 13
50 13
51 13
52 13
53 13
54 13
40 14
41 14
42 14
49 14
50 14
51 14
52 14
53 14
54 14
40 15
41 15
42 15
50 15
51 15
52 15
53 15
54 15
40 16
41 16
42 16
51 16
52 16
53 16
54 16
40 17
41 17
42 17
52 17
53 17
54 17
40 18
41 18
42 18
52 18
53 18
54 18
40 19
41 19
42 19
52 19
53 19
54 19
40 20
41 20
42 20
52 20
53 20
54 20
66 0
67 0
68 0
69 0
70 0
71 0
72 0
73 0
74 0
66 1
67 1
68 1
69 1
70 1
71 1
72 1
73 1
74 1
66 2
67 2
68 2
69 2
70 2
71 2
72 2
73 2
74 2
69 3
70 3
71 3
69 4
70 4
71 4
69 5
70 5
71 5
69 6
70 6
71 6
69 7
70 7
71 7
69 8
70 8
71 8
69 9
70 9
71 9
69 10
70 10
71 10
69 11
70 11
71 11
69 12
70 12
71 12
69 13
70 13
71 13
69 14
70 14
71 14
60 15
61 15
62 15
69 15
70 15
71 15
60 16
61 16
62 16
69 16
70 16
71 16
60 17
61 17
62 17
69 17
70 17
71 17
63 18
64 18
65 18
66 18
67 18
68 18
63 19
64 19
65 19
66 19
67 19
68 19
63 20
64 20
65 20
66 20
67 20
68 20
80 0
81 0
82 0
83 0
84 0
85 0
86 0
87 0
88 0
80 1
81 1
82 1
83 1
84 1
85 1
86 1
87 1
88 1
80 2
81 2
82 2
83 2
84 2
85 2
86 2
87 2
88 2
83 3
84 3
85 3
83 4
84 4
85 4
83 5
84 5
85 5
83 6
84 6
85 6
83 7
84 7
85 7
83 8
84 8
85 8
83 9
84 9
85 9
83 10
84 10
85 10
83 11
84 11
85 11
83 12
84 12
85 12
83 13
84 13
85 13
83 14
84 14
85 14
83 15
84 15
85 15
83 16
84 16
85 16
83 17
84 17
85 17
80 18
81 18
82 18
83 18
84 18
85 18
86 18
87 18
88 18
80 19
81 19
82 19
83 19
84 19
85 19
86 19
87 19
88 19
80 20
81 20
82 20
83 20
84 20
85 20
86 20
87 20
88 20
100 0
101 0
102 0
103 0
104 0
105 0
106 0
107 0
108 0
109 0
110 0
111 0
100 1
101 1
102 1
103 1
104 1
105 1
106 1
107 1
108 1
109 1
110 1
111 1
100 2
101 2
102 2
103 2
104 2
105 2
106 2
107 2
108 2
109 2
110 2
111 2
100 3
101 3
102 3
112 3
113 3
114 3
100 4
101 4
102 4
112 4
113 4
114 4
100 5
101 5
102 5
112 5
113 5
114 5
100 6
101 6
102 6
112 6
113 6
114 6
100 7
101 7
102 7
112 7
113 7
114 7
100 8
101 8
102 8
112 8
113 8
114 8
100 9
101 9
102 9
103 9
104 9
105 9
106 9
107 9
108 9
109 9
110 9
111 9
100 10
101 10
102 10
103 10
104 10
105 10
106 10
107 10
108 10
109 10
110 10
111 10
100 11
101 11
102 11
103 11
104 11
105 11
106 11
107 11
108 11
109 11
110 11
111 11
100 12
101 12
102 12
112 12
113 12
114 12
100 13
101 13
102 13
112 13
113 13
114 13
100 14
101 14
102 14
112 14
113 14
114 14
100 15
101 15
102 15
112 15
113 15
114 15
100 16
101 16
102 16
112 16
113 16
114 16
100 17
101 17
102 17
112 17
113 17
114 17
100 18
101 18
102 18
112 18
113 18
114 18
100 19
101 19
102 19
112 19
113 19
114 19
100 20
101 20
102 20
112 20
113 20
114 20
123 0
124 0
125 0
126 0
127 0
128 0
129 0
130 0
131 0
123 1
124 1
125 1
126 1
127 1
128 1
129 1
130 1
131 1
123 2
124 2
125 2
126 2
127 2
128 2
129 2
132 2
131 2
120 3
121 3
122 3
132 3
133 3
134 3
120 4
121 4
122 4
132 4
133 4
134 4
120 5
121 5
122 5
132 5
133 5
134 5
120 6
121 6
122 6
132 6
133 6
134 6
120 7
121 7
122 7
132 7
133 7
134 7
120 8
121 8
122 8
132 8
133 8
134 8
120 9
121 9
122 9
132 9
133 9
134 9
120 10
121 10
122 10
132 10
133 10
134 10
120 11
121 11
122 11
132 11
133 11
134 11
120 12
121 12
122 12
123 12
124 12
125 12
126 12
127 12
128 12
129 12
130 12
131 12
132 12
133 12
134 12
120 13
121 13
122 13
123 13
124 13
125 13
126 13
127 13
128 13
129 13
130 13
131 13
132 13
133 13
134 13
120 14
121 14
122 14
123 14
124 14
125 14
126 14
127 14
128 14
129 14
130 14
131 14
132 14
133 14
134 14
120 15
121 15
122 15
132 15
133 15
134 15
120 16
121 16
122 16
132 16
133 16
134 16
120 17
121 17
122 17
132 17
133 17
134 17
120 18
121 18
122 18
132 18
133 18
134 18
120 19
121 19
122 19
132 19
133 19
134 19
120 20
121 20
122 20
132 20
133 20
134 20
3 26
4 26
5 26
6 26
7 26
8 26
9 26
10 26
11 26
3 27
4 27
5 27
6 27
7 27
8 27
9 27
10 27
11 27
3 28
4 28
5 28
6 28
7 28
8 28
9 28
10 28
11 28
0 29
1 29
2 29
12 29
13 29
14 29
0 30
1 30
2 30
12 30
13 30
14 30
0 31
1 31
2 31
12 31
13 31
14 31
0 32
1 32
2 32
0 33
1 33
2 33
0 34
1 34
2 34
0 35
1 35
2 35
6 35
7 35
8 35
9 35
10 35
11 35
12 35
13 35
14 35
0 36
1 36
2 36
6 36
7 36
8 36
9 36
10 36
11 36
12 36
13 36
14 36
0 37
1 37
2 37
6 37
7 37
8 37
9 37
10 37
11 37
12 37
13 37
14 37
0 38
1 38
2 38
12 38
13 38
14 38
0 39
1 39
2 39
12 39
13 39
14 39
0 40
1 40
2 40
12 40
13 40
14 40
0 41
1 41
2 41
12 41
13 41
14 41
0 42
1 42
2 42
12 42
13 42
14 42
0 43
1 43
2 43
12 43
13 43
14 43
3 44
4 44
5 44
6 44
7 44
8 44
9 44
10 44
11 44
3 45
4 45
5 45
6 45
7 45
8 45
9 45
10 45
11 45
3 46
4 46
5 46
6 46
7 46
8 46
9 46
10 46
11 46
23 26
24 26
25 26
26 26
27 26
28 26
29 26
30 26
31 26
23 27
24 27
25 27
26 27
27 27
28 27
29 27
30 27
31 27
23 28
24 28
25 28
26 28
27 28
28 28
29 28
32 28
31 28
20 29
21 29
22 29
32 29
33 29
34 29
20 30
21 30
22 30
32 30
33 30
34 30
20 31
21 31
22 31
32 31
33 31
34 31
20 32
21 32
22 32
32 32
33 32
34 32
20 33
21 33
22 33
32 33
33 33
34 33
20 34
21 34
22 34
32 34
33 34
34 34
20 35
21 35
22 35
32 35
33 35
34 35
20 36
21 36
22 36
32 36
33 36
34 36
20 37
21 37
22 37
32 37
33 37
34 37
20 38
21 38
22 38
23 38
24 38
25 38
26 38
27 38
28 38
29 38
30 38
31 38
32 38
33 38
34 38
20 39
21 39
22 39
23 39
24 39
25 39
26 39
27 39
28 39
29 39
30 39
31 39
32 39
33 39
34 39
20 40
21 40
22 40
23 40
24 40
25 40
26 40
27 40
28 40
29 40
30 40
31 40
32 40
33 40
34 40
20 41
21 41
22 41
32 41
33 41
34 41
20 42
21 42
22 42
32 42
33 42
34 42
20 43
21 43
22 43
32 43
33 43
34 43
20 44
21 44
22 44
32 44
33 44
34 44
20 45
21 45
22 45
32 45
33 45
34 45
20 46
21 46
22 46
32 46
33 46
34 46
40 26
41 26
42 26
43 26
44 26
45 26
46 26
47 26
48 26
49 26
50 26
51 26
40 27
41 27
42 27
43 27
44 27
45 27
46 27
47 27
48 27
49 27
50 27
51 27
40 28
41 28
42 28
43 28
44 28
45 28
46 28
47 28
48 28
49 28
50 28
51 28
40 29
41 29
42 29
52 29
52 29
53 29
54 29
40 30
41 30
42 30
52 30
52 30
53 30
54 30
40 31
41 31
42 31
52 31
52 31
53 31
54 31
40 32
41 32
42 32
52 32
52 32
53 32
54 32
40 33
41 33
42 33
52 33
52 33
53 33
54 33
40 34
41 34
42 34
52 34
52 34
53 34
54 34
40 35
41 35
42 35
43 35
44 35
45 35
46 35
47 35
48 35
49 35
50 35
51 35
40 36
41 36
42 36
43 36
44 36
45 36
46 36
47 36
48 36
49 36
50 36
51 36
40 37
41 37
42 37
43 37
44 37
45 37
46 37
47 37
48 37
49 37
50 37
51 37
52 37
53 37
54 37
40 38
41 38
42 38
52 38
52 38
53 38
54 38
40 39
41 39
42 39
52 39
52 39
53 39
54 39
40 40
41 40
42 40
52 40
52 40
53 40
54 40
40 41
41 41
42 41
52 41
52 41
53 41
54 41
40 42
41 42
42 42
52 42
52 42
53 42
54 42
40 43
41 43
42 43
52 43
52 43
53 43
54 43
40 44
41 44
42 44
43 44
44 44
45 44
46 44
47 44
48 44
49 44
50 44
51 44
40 45
41 45
42 45
43 45
44 45
45 45
46 45
47 45
48 45
49 45
50 45
51 45
40 46
41 46
42 46
43 46
44 46
45 46
46 46
47 46
48 46
49 46
50 46
51 46
60 26
61 26
62 26
63 26
64 26
65 26
66 26
67 26
68 26
69 26
70 26
71 26
60 27
61 27
62 27
63 27
64 27
65 27
66 27
67 27
68 27
69 27
70 27
71 27
60 28
61 28
62 28
63 28
64 28
65 28
66 28
67 28
68 28
69 28
70 28
71 28
60 29
61 29
62 29
72 29
73 29
74 29
60 30
61 30
62 30
72 30
73 30
74 30
60 31
61 31
62 31
72 31
73 31
74 31
60 32
61 32
62 32
72 32
73 32
74 32
60 33
61 33
62 33
72 33
73 33
74 33
60 34
61 34
62 34
72 34
73 34
74 34
60 35
61 35
62 35
63 35
64 35
65 35
66 35
67 35
68 35
69 35
70 35
71 35
60 36
61 36
62 36
63 36
64 36
65 36
66 36
67 36
68 36
69 36
70 36
71 36
60 37
61 37
62 37
63 37
64 37
65 37
66 37
67 37
68 37
69 37
70 37
71 37
60 38
61 38
62 38
72 38
73 38
74 38
60 39
61 39
62 39
72 39
73 39
74 39
60 40
61 40
62 40
72 40
73 40
74 40
60 41
61 41
62 41
72 41
73 41
74 41
60 42
61 42
62 42
72 42
73 42
74 42
60 43
61 43
62 43
72 43
73 43
74 43
60 44
61 44
62 44
72 44
73 44
74 44
60 45
61 45
62 45
72 45
73 45
74 45
60 46
61 46
62 46
72 46
73 46
74 46
80 26
81 26
82 26
83 26
84 26
85 26
86 26
87 26
88 26
80 27
81 27
82 27
83 27
84 27
85 27
86 27
87 27
88 27
80 28
81 28
82 28
83 28
84 28
85 28
86 28
87 28
88 28
83 29
84 29
85 29
83 30
84 30
85 30
83 31
84 31
85 31
83 32
84 32
85 32
83 33
84 33
85 33
83 34
84 34
85 34
83 35
84 35
85 35
83 36
84 36
85 36
83 37
84 37
85 37
83 38
84 38
85 38
83 39
84 39
85 39
83 40
84 40
85 40
83 41
84 41
85 41
83 42
84 42
85 42
83 43
84 43
85 43
80 44
81 44
82 44
83 44
84 44
85 44
86 44
87 44
88 44
80 45
81 45
82 45
83 45
84 45
85 45
86 45
87 45
88 45
80 46
81 46
82 46
83 46
84 46
85 46
86 46
87 46
88 46
100 26
101 26
102 26
103 26
104 26
105 26
106 26
107 26
108 26
109 26
110 26
111 26
112 26
113 26
114 26
100 27
101 27
102 27
103 27
104 27
105 27
106 27
107 27
108 27
109 27
110 27
111 27
112 27
113 27
114 27
100 28
101 28
102 28
103 28
104 28
105 28
106 28
107 28
108 28
109 28
110 28
111 28
112 28
113 28
114 28
100 29
101 29
102 29
100 30
101 30
102 30
100 31
101 31
102 31
100 32
101 32
102 32
100 33
101 33
102 33
100 34
101 34
102 34
100 35
101 35
102 35
103 35
104 35
105 35
106 35
107 35
108 35
109 35
110 35
111 35
100 36
101 36
102 36
103 36
104 36
105 36
106 36
107 36
108 36
109 36
110 36
111 36
100 37
101 37
102 37
103 37
104 37
105 37
106 37
107 37
108 37
109 37
110 37
111 37
100 38
101 38
102 38
100 39
101 39
102 39
100 40
101 40
102 40
100 41
101 41
102 41
100 42
101 42
102 42
100 43
101 43
102 43
100 44
101 44
102 44
103 44
104 44
105 44
106 44
107 44
108 44
109 44
110 44
111 44
112 44
113 44
114 44
100 45
101 45
102 45
103 45
104 45
105 45
106 45
107 45
108 45
109 45
110 45
111 45
112 45
113 45
114 45
100 46
101 46
102 46
103 46
104 46
105 46
106 46
107 46
108 46
109 46
110 46
111 46
112 46
113 46
114 46
120 26
121 26
122 26
120 27
121 27
122 27
120 28
121 28
122 28
120 29
121 29
122 29
120 30
121 30
122 30
120 31
121 31
122 31
120 32
121 32
122 32
120 33
121 33
122 33
120 34
121 34
122 34
120 35
121 35
122 35
120 36
121 36
122 36
120 37
121 37
122 37
120 38
121 38
122 38
120 39
121 39
122 39
120 40
121 40
122 40
120 41
121 41
122 41
120 42
121 42
122 42
120 43
121 43
122 43
120 44
121 44
122 44
123 44
124 44
125 44
126 44
127 44
128 44
129 44
130 44
131 44
132 44
133 44
134 44
120 45
121 45
122 45
123 45
124 45
125 45
126 45
127 45
128 45
129 45
130 45
131 45
132 45
133 45
134 45
120 46
121 46
122 46
123 46
124 46
125 46
126 46
127 46
128 46
129 46
130 46
131 46
132 46
133 46
134 46
0 52
1 52
2 52
12 52
13 52
14 52
0 53
1 53
2 53
12 53
13 53
14 53
0 54
1 54
2 54
12 54
13 54
14 54
0 55
1 55
2 55
12 55
13 55
14 55
0 56
1 56
2 56
3 56
12 56
13 56
14 56
0 57
1 57
2 57
3 57
4 57
12 57
13 57
14 57
0 58
1 58
2 58
3 58
4 58
5 58
12 58
13 58
14 58
0 59
1 59
2 59
3 59
4 59
5 59
6 59
12 59
13 59
14 59
0 60
1 60
2 60
3 60
4 60
5 60
6 60
7 60
12 60
13 60
14 60
0 61
1 61
2 61
4 61
5 61
6 61
7 61
8 61
12 61
13 61
14 61
0 62
1 62
2 62
5 62
6 62
7 62
8 62
9 62
12 62
13 62
14 62
0 63
1 63
2 63
6 63
7 63
8 63
9 63
10 63
12 63
13 63
14 63
0 64
1 64
2 64
7 64
8 64
9 64
10 64
11 64
12 64
13 64
14 64
0 65
1 65
2 65
8 65
9 65
10 65
11 65
12 65
13 65
14 65
0 66
1 66
2 66
9 66
10 66
11 66
12 66
13 66
14 66
0 67
1 67
2 67
10 67
11 67
12 67
13 67
14 67
0 68
1 68
2 68
11 68
12 68
13 68
14 68
0 69
1 69
2 69
12 69
13 69
14 69
0 70
1 70
2 70
12 70
13 70
14 70
0 71
1 71
2 71
12 71
13 71
14 71
0 72
1 72
2 72
12 72
13 72
14 72
23 52
24 52
25 52
26 52
27 52
28 52
29 52
30 52
31 52
23 53
24 53
25 53
26 53
27 53
28 53
29 53
30 53
31 53
23 54
24 54
25 54
26 54
27 54
28 54
29 54
32 54
31 54
20 55
21 55
22 55
32 55
33 55
34 55
20 56
21 56
22 56
32 56
33 56
34 56
20 57
21 57
22 57
32 57
33 57
34 57
20 58
21 58
22 58
32 58
33 58
34 58
20 59
21 59
22 59
32 59
33 59
34 59
20 60
21 60
22 60
32 60
33 60
34 60
20 61
21 61
22 61
32 61
33 61
34 61
20 62
21 62
22 62
32 62
33 62
34 62
20 63
21 63
22 63
32 63
33 63
34 63
20 64
21 64
22 64
23 64
24 64
25 64
26 64
27 64
28 64
29 64
30 64
31 64
32 64
33 64
34 64
20 65
21 65
22 65
23 65
24 65
25 65
26 65
27 65
28 65
29 65
30 65
31 65
32 65
33 65
34 65
20 66
21 66
22 66
23 66
24 66
25 66
26 66
27 66
28 66
29 66
30 66
31 66
32 66
33 66
34 66
20 67
21 67
22 67
32 67
33 67
34 67
20 68
21 68
22 68
32 68
33 68
34 68
20 69
21 69
22 69
32 69
33 69
34 69
20 70
21 70
22 70
32 70
33 70
34 70
20 71
21 71
22 71
32 71
33 71
34 71
20 72
21 72
22 72
32 72
33 72
34 72
40 52
41 52
42 52
52 52
53 52
54 52
40 53
41 53
42 53
52 53
53 53
54 53
40 54
41 54
42 54
52 54
53 54
54 54
40 55
41 55
42 55
52 55
53 55
54 55
40 56
41 56
42 56
52 56
53 56
54 56
40 57
41 57
42 57
52 57
53 57
54 57
40 58
41 58
42 58
52 58
53 58
54 58
40 59
41 59
42 59
52 59
53 59
54 59
40 60
41 60
42 60
52 60
53 60
54 60
40 61
41 61
42 61
52 61
53 61
54 61
40 62
41 62
42 62
52 62
53 62
54 62
40 63
41 63
42 63
52 63
53 63
54 63
40 64
41 64
42 64
52 64
53 64
54 64
40 65
41 65
42 65
52 65
53 65
54 65
40 66
41 66
42 66
52 66
53 66
54 66
40 67
41 67
42 67
52 67
53 67
54 67
40 68
41 68
42 68
52 68
53 68
54 68
40 69
41 69
42 69
52 69
53 69
54 69
43 70
44 70
45 70
46 70
47 70
48 70
49 70
50 70
51 70
43 71
44 71
45 71
46 71
47 71
48 71
49 71
50 71
51 71
43 72
44 72
45 72
46 72
47 72
48 72
49 72
50 72
51 72
60 52
61 52
62 52
63 52
64 52
65 52
66 52
67 52
68 52
69 52
70 52
71 52
72 52
73 52
74 52
60 53
61 53
62 53
63 53
64 53
65 53
66 53
67 53
68 53
69 53
70 53
71 53
72 53
73 53
74 53
60 54
61 54
62 54
63 54
64 54
65 54
66 54
67 54
68 54
69 54
70 54
71 54
72 54
73 54
74 54
60 55
61 55
62 55
60 56
61 56
62 56
60 57
61 57
62 57
60 58
61 58
62 58
60 59
61 59
62 59
60 60
61 60
62 60
60 61
61 61
62 61
63 61
64 61
65 61
66 61
67 61
68 61
69 61
70 61
71 61
60 62
61 62
62 62
63 62
64 62
65 62
66 62
67 62
68 62
69 62
70 62
71 62
60 63
61 63
62 63
63 63
64 63
65 63
66 63
67 63
68 63
69 63
70 63
71 63
60 64
61 64
62 64
60 65
61 65
62 65
60 66
61 66
62 66
60 67
61 67
62 67
60 68
61 68
62 68
60 69
61 69
62 69
60 70
61 70
62 70
60 71
61 71
62 71
60 72
61 72
62 72
83 52
84 52
85 52
86 52
87 52
88 52
89 52
90 52
91 52
83 53
84 53
85 53
86 53
87 53
88 53
89 53
90 53
91 53
83 54
84 54
85 54
86 54
87 54
88 54
89 54
92 54
91 54
80 55
81 55
82 55
92 55
93 55
94 55
80 56
81 56
82 56
92 56
93 56
94 56
80 57
81 57
82 57
92 57
93 57
94 57
80 58
81 58
82 58
92 58
93 58
94 58
80 59
81 59
82 59
92 59
93 59
94 59
80 60
81 60
82 60
92 60
93 60
94 60
80 61
81 61
82 61
92 61
93 61
94 61
80 62
81 62
82 62
92 62
93 62
94 62
80 63
81 63
82 63
92 63
93 63
94 63
80 64
81 64
82 64
83 64
84 64
85 64
86 64
87 64
88 64
89 64
90 64
91 64
92 64
93 64
94 64
80 65
81 65
82 65
83 65
84 65
85 65
86 65
87 65
88 65
89 65
90 65
91 65
92 65
93 65
94 65
80 66
81 66
82 66
83 66
84 66
85 66
86 66
87 66
88 66
89 66
90 66
91 66
92 66
93 66
94 66
80 67
81 67
82 67
92 67
93 67
94 67
80 68
81 68
82 68
92 68
93 68
94 68
80 69
81 69
82 69
92 69
93 69
94 69
80 70
81 70
82 70
92 70
93 70
94 70
80 71
81 71
82 71
92 71
93 71
94 71
80 72
81 72
82 72
92 72
93 72
94 72
100 52
101 52
102 52
100 53
101 53
102 53
100 54
101 54
102 54
100 55
101 55
102 55
100 56
101 56
102 56
100 57
101 57
102 57
100 58
101 58
102 58
100 59
101 59
102 59
100 60
101 60
102 60
100 61
101 61
102 61
100 62
101 62
102 62
100 63
101 63
102 63
100 64
101 64
102 64
100 65
101 65
102 65
100 66
101 66
102 66
100 67
101 67
102 67
100 68
101 68
102 68
100 69
101 69
102 69
100 70
101 70
102 70
103 70
104 70
105 70
106 70
107 70
108 70
109 70
110 70
111 70
112 70
113 70
114 70
100 71
101 71
102 71
103 71
104 71
105 71
106 71
107 71
108 71
109 71
110 71
111 71
112 71
113 71
114 71
100 72
101 72
102 72
103 72
104 72
105 72
106 72
107 72
108 72
109 72
110 72
111 72
112 72
113 72
114 72
3 78
4 78
5 78
6 78
7 78
8 78
9 78
10 78
11 78
3 79
4 79
5 79
6 79
7 79
8 79
9 79
10 79
11 79
3 80
4 80
5 80
6 80
7 80
8 80
9 80
10 80
11 80
0 81
1 81
2 81
12 81
13 81
14 81
0 82
1 82
2 82
12 82
13 82
14 82
0 83
1 83
2 83
12 83
13 83
14 83
0 84
1 84
2 84
0 85
1 85
2 85
0 86
1 86
2 86
3 87
4 87
5 87
6 87
7 87
8 87
9 87
10 87
11 87
3 88
4 88
5 88
6 88
7 88
8 88
9 88
10 88
11 88
3 89
4 89
5 89
6 89
7 89
8 89
9 89
10 89
11 89
12 90
13 90
14 90
12 91
13 91
14 91
12 92
13 92
14 92
0 93
1 93
2 93
12 93
13 93
14 93
0 94
1 94
2 94
12 94
13 94
14 94
0 95
1 95
2 95
12 95
13 95
14 95
3 96
4 96
5 96
6 96
7 96
8 96
9 96
10 96
11 96
3 97
4 97
5 97
6 97
7 97
8 97
9 97
10 97
11 97
3 98
4 98
5 98
6 98
7 98
8 98
9 98
10 98
11 98
20 78
21 78
22 78
32 78
33 78
34 78
20 79
21 79
22 79
32 79
33 79
34 79
20 80
21 80
22 80
32 80
33 80
34 80
20 81
21 81
22 81
32 81
33 81
34 81
20 82
21 82
22 82
32 82
33 82
34 82
20 83
21 83
22 83
32 83
33 83
34 83
20 84
21 84
22 84
32 84
33 84
34 84
20 85
21 85
22 85
32 85
33 85
34 85
20 86
21 86
22 86
32 86
33 86
34 86
20 87
21 87
22 87
23 87
24 87
25 87
26 87
27 87
28 87
29 87
30 87
31 87
32 87
33 87
34 87
20 88
21 88
22 88
23 88
24 88
25 88
26 88
27 88
28 88
29 88
30 88
31 88
32 88
33 88
34 88
20 89
21 89
22 89
23 89
24 89
25 89
26 89
27 89
28 89
29 89
30 89
31 89
32 89
33 89
34 89
20 90
21 90
22 90
32 90
33 90
34 90
20 91
21 91
22 91
32 91
33 91
34 91
20 92
21 92
22 92
32 92
33 92
34 92
20 93
21 93
22 93
32 93
33 93
34 93
20 94
21 94
22 94
32 94
33 94
34 94
20 95
21 95
22 95
32 95
33 95
34 95
20 96
21 96
22 96
32 96
33 96
34 96
20 97
21 97
22 97
32 97
33 97
34 97
40 78
41 78
42 78
43 78
44 78
45 78
46 78
47 78
48 78
40 79
41 79
42 79
43 79
44 79
45 79
46 79
47 79
48 79
40 80
41 80
42 80
43 80
44 80
45 80
46 80
47 80
48 80
43 81
44 81
45 81
43 82
44 82
45 82
43 83
44 83
45 83
43 84
44 84
45 84
43 85
44 85
45 85
43 86
44 86
45 86
43 87
44 87
45 87
43 88
44 88
45 88
43 89
44 89
45 89
43 90
44 90
45 90
43 91
44 91
45 91
43 92
44 92
45 92
43 93
44 93
45 93
43 94
44 94
45 94
43 95
44 95
45 95
40 96
41 96
42 96
43 96
44 96
45 96
46 96
47 96
48 96
40 97
41 97
42 97
43 97
44 97
45 97
46 97
47 97
48 97
40 98
41 98
42 98
43 98
44 98
45 98
46 98
47 98
48 98
60 78
61 78
62 78
72 78
73 78
74 78
60 79
61 79
62 79
72 79
73 79
74 79
60 80
61 80
62 80
72 80
73 80
74 80
60 81
61 81
62 81
72 81
73 81
74 81
60 82
61 82
62 82
63 82
72 82
73 82
74 82
60 83
61 83
62 83
63 83
64 83
72 83
73 83
74 83
60 84
61 84
62 84
63 84
64 84
65 84
72 84
73 84
74 84
60 85
61 85
62 85
63 85
64 85
65 85
66 85
72 85
73 85
74 85
60 86
61 86
62 86
63 86
64 86
65 86
66 86
67 86
72 86
73 86
74 86
60 87
61 87
62 87
64 87
65 87
66 87
67 87
68 87
72 87
73 87
74 87
60 88
61 88
62 88
65 88
66 88
67 88
68 88
69 88
72 88
73 88
74 88
60 89
61 89
62 89
66 89
67 89
68 89
69 89
70 89
72 89
73 89
74 89
60 90
61 90
62 90
67 90
68 90
69 90
70 90
71 90
72 90
73 90
74 90
60 91
61 91
62 91
68 91
69 91
70 91
71 91
72 91
73 91
74 91
60 92
61 92
62 92
69 92
70 92
71 92
72 92
73 92
74 92
60 93
61 93
62 93
70 93
71 93
72 93
73 93
74 93
60 94
61 94
62 94
71 94
72 94
73 94
74 94
60 95
61 95
62 95
72 95
73 95
74 95
60 96
61 96
62 96
72 96
73 96
74 96
60 97
61 97
62 97
72 97
73 97
74 97
60 98
61 98
62 98
72 98
73 98
74 98
80 78
81 78
82 78
83 78
84 78
85 78
86 78
87 78
88 78
89 78
90 78
91 78
92 78
93 78
94 78
80 79
81 79
82 79
83 79
84 79
85 79
86 79
87 79
88 79
89 79
90 79
91 79
92 79
93 79
94 79
80 80
81 80
82 80
83 80
84 80
85 80
86 80
87 80
88 80
89 80
90 80
91 80
92 80
93 80
94 80
86 81
87 81
88 81
86 82
87 82
88 82
86 83
87 83
88 83
86 84
87 84
88 84
86 85
87 85
88 85
86 86
87 86
88 86
86 87
87 87
88 87
86 88
87 88
88 88
86 89
87 89
88 89
86 90
87 90
88 90
86 91
87 91
88 91
86 92
87 92
88 92
86 93
87 93
88 93
86 94
87 94
88 94
86 95
87 95
88 95
86 96
87 96
88 96
86 97
87 97
88 97
86 98
87 98
88 98
103 78
104 78
105 78
106 78
107 78
108 78
109 78
110 78
111 78
103 79
104 79
105 79
106 79
107 79
108 79
109 79
110 79
111 79
103 80
104 80
105 80
106 80
107 80
108 80
109 80
112 80
111 80
100 81
101 81
102 81
112 81
113 81
114 81
100 82
101 82
102 82
112 82
113 82
114 82
100 83
101 83
102 83
112 83
113 83
114 83
100 84
101 84
102 84
112 84
113 84
114 84
100 85
101 85
102 85
112 85
113 85
114 85
100 86
101 86
102 86
112 86
113 86
114 86
100 87
101 87
102 87
112 87
113 87
114 87
100 88
101 88
102 88
112 88
113 88
114 88
100 89
101 89
102 89
112 89
113 89
114 89
100 90
101 90
102 90
103 90
104 90
105 90
106 90
107 90
108 90
109 90
110 90
111 90
112 90
113 90
114 90
100 91
101 91
102 91
103 91
104 91
105 91
106 91
107 91
108 91
109 91
110 91
111 91
112 91
113 91
114 91
100 92
101 92
102 92
103 92
104 92
105 92
106 92
107 92
108 92
109 92
110 92
111 92
112 92
113 92
114 92
100 93
101 93
102 93
112 93
113 93
114 93
100 94
101 94
102 94
112 94
113 94
114 94
100 95
101 95
102 95
112 95
113 95
114 95
100 96
101 96
102 96
112 96
113 96
114 96
100 97
101 97
102 97
112 97
113 97
114 97
100 98
101 98
102 98
112 98
113 98
114 98
0 104
1 104
2 104
3 104
4 104
5 104
6 104
7 104
8 104
9 104
10 104
11 104
0 105
1 105
2 105
3 105
4 105
5 105
6 105
7 105
8 105
9 105
10 105
11 105
0 106
1 106
2 106
3 106
4 106
5 106
6 106
7 106
8 106
9 106
10 106
11 106
0 107
1 107
2 107
12 107
13 107
14 107
0 108
1 108
2 108
12 108
13 108
14 108
0 109
1 109
2 109
12 109
13 109
14 109
0 110
1 110
2 110
12 110
13 110
14 110
0 111
1 111
2 111
12 111
13 111
14 111
0 112
1 112
2 112
12 112
13 112
14 112
0 113
1 113
2 113
3 113
4 113
5 113
6 113
7 113
8 113
9 113
10 113
11 113
0 114
1 114
2 114
3 114
4 114
5 114
6 114
7 114
8 114
9 114
10 114
11 114
0 115
1 115
2 115
3 115
4 115
5 115
6 115
7 115
8 115
9 115
10 115
11 115
0 116
1 116
2 116
0 117
1 117
2 117
0 118
1 118
2 118
0 119
1 119
2 119
0 120
1 120
2 120
0 121
1 121
2 121
0 122
1 122
2 122
0 123
1 123
2 123
0 124
1 124
2 124
20 104
21 104
22 104
23 104
24 104
25 104
26 104
27 104
28 104
29 104
30 104
31 104
20 105
21 105
22 105
23 105
24 105
25 105
26 105
27 105
28 105
29 105
30 105
31 105
20 106
21 106
22 106
23 106
24 106
25 106
26 106
27 106
28 106
29 106
30 106
31 106
20 107
21 107
22 107
32 107
33 107
34 107
20 108
21 108
22 108
32 108
33 108
34 108
20 109
21 109
22 109
32 109
33 109
34 109
20 110
21 110
22 110
32 110
33 110
34 110
20 111
21 111
22 111
32 111
33 111
34 111
20 112
21 112
22 112
32 112
33 112
34 112
20 113
21 113
22 113
23 113
24 113
25 113
26 113
27 113
28 113
29 113
30 113
31 113
20 114
21 114
22 114
23 114
24 114
25 114
26 114
27 114
28 114
29 114
30 114
31 114
20 115
21 115
22 115
23 115
24 115
25 115
26 115
27 115
28 115
29 115
30 115
31 115
20 116
21 116
22 116
32 116
33 116
34 116
20 117
21 117
22 117
32 117
33 117
34 117
20 118
21 118
22 118
32 118
33 118
34 118
20 119
21 119
22 119
32 119
33 119
34 119
20 120
21 120
22 120
32 120
33 120
34 120
20 121
21 121
22 121
32 121
33 121
34 121
20 122
21 122
22 122
32 122
33 122
34 122
20 123
21 123
22 123
32 123
33 123
34 123
20 124
21 124
22 124
32 124
33 124
34 124
40 104
41 104
42 104
43 104
44 104
45 104
46 104
47 104
48 104
40 105
41 105
42 105
43 105
44 105
45 105
46 105
47 105
48 105
40 106
41 106
42 106
43 106
44 106
45 106
46 106
47 106
48 106
43 107
44 107
45 107
43 108
44 108
45 108
43 109
44 109
45 109
43 110
44 110
45 110
43 111
44 111
45 111
43 112
44 112
45 112
43 113
44 113
45 113
43 114
44 114
45 114
43 115
44 115
45 115
43 116
44 116
45 116
43 117
44 117
45 117
43 118
44 118
45 118
43 119
44 119
45 119
43 120
44 120
45 120
43 121
44 121
45 121
40 122
41 122
42 122
43 122
44 122
45 122
46 122
47 122
48 122
40 123
41 123
42 123
43 123
44 123
45 123
46 123
47 123
48 123
40 124
41 124
42 124
43 124
44 124
45 124
46 124
47 124
48 124
63 104
64 104
65 104
66 104
67 104
68 104
69 104
70 104
71 104
63 105
64 105
65 105
66 105
67 105
68 105
69 105
70 105
71 105
63 106
64 106
65 106
66 106
67 106
68 106
69 106
72 106
71 106
60 107
61 107
62 107
72 107
73 107
74 107
60 108
61 108
62 108
72 108
73 108
74 108
60 109
61 109
62 109
72 109
73 109
74 109
60 110
61 110
62 110
72 110
73 110
74 110
60 111
61 111
62 111
72 111
73 111
74 111
60 112
61 112
62 112
72 112
73 112
74 112
60 113
61 113
62 113
72 113
73 113
74 113
60 114
61 114
62 114
72 114
73 114
74 114
60 115
61 115
62 115
72 115
73 115
74 115
60 116
61 116
62 116
63 116
64 116
65 116
66 116
67 116
68 116
69 116
70 116
71 116
72 116
73 116
74 116
60 117
61 117
62 117
63 117
64 117
65 117
66 117
67 117
68 117
69 117
70 117
71 117
72 117
73 117
74 117
60 118
61 118
62 118
63 118
64 118
65 118
66 118
67 118
68 118
69 118
70 118
71 118
72 118
73 118
74 118
60 119
61 119
62 119
72 119
73 119
74 119
60 120
61 120
62 120
72 120
73 120
74 120
60 121
61 121
62 121
72 121
73 121
74 121
60 122
61 122
62 122
72 122
73 122
74 122
60 123
61 123
62 123
72 123
73 123
74 123
60 124
61 124
62 124
72 124
73 124
74 124
83 104
84 104
85 104
86 104
87 104
88 104
89 104
90 104
91 104
83 105
84 105
85 105
86 105
87 105
88 105
89 105
90 105
91 105
83 106
84 106
85 106
86 106
87 106
88 106
89 106
90 106
91 106
80 107
81 107
82 107
92 107
93 107
94 107
80 108
81 108
82 108
92 108
93 108
94 108
80 109
81 109
82 109
92 109
93 109
94 109
80 110
81 110
82 110
80 111
81 111
82 111
80 112
81 112
82 112
80 113
81 113
82 113
86 113
87 113
88 113
89 113
90 113
91 113
92 113
93 113
94 113
80 114
81 114
82 114
86 114
87 114
88 114
89 114
90 114
91 114
92 114
93 114
94 114
80 115
81 115
82 115
86 115
87 115
88 115
89 115
90 115
91 115
92 115
93 115
94 115
80 116
81 116
82 116
92 116
93 116
94 116
80 117
81 117
82 117
92 117
93 117
94 117
80 118
81 118
82 118
92 118
93 118
94 118
80 119
81 119
82 119
92 119
93 119
94 119
80 120
81 120
82 120
92 120
93 120
94 120
80 121
81 121
82 121
92 121
93 121
94 121
83 122
84 122
85 122
86 122
87 122
88 122
89 122
90 122
91 122
83 123
84 123
85 123
86 123
87 123
88 123
89 123
90 123
91 123
83 124
84 124
85 124
86 124
87 124
88 124
89 124
90 124
91 124
100 104
101 104
102 104
112 104
113 104
114 104
100 105
101 105
102 105
112 105
113 105
114 105
100 106
101 106
102 106
112 106
113 106
114 106
100 107
101 107
102 107
112 107
113 107
114 107
100 108
101 108
102 108
112 108
113 108
114 108
100 109
101 109
102 109
112 109
113 109
114 109
100 110
101 110
102 110
112 110
113 110
114 110
100 111
101 111
102 111
112 111
113 111
114 111
100 112
101 112
102 112
112 112
113 112
114 112
100 113
101 113
102 113
112 113
113 113
114 113
100 114
101 114
102 114
112 114
113 114
114 114
100 115
101 115
102 115
112 115
113 115
114 115
100 116
101 116
102 116
112 116
113 116
114 116
100 117
101 117
102 117
112 117
113 117
114 117
100 118
101 118
102 118
112 118
113 118
114 118
100 119
101 119
102 119
112 119
113 119
114 119
100 120
101 120
102 120
112 120
113 120
114 120
100 121
101 121
102 121
112 121
113 121
114 121
103 122
104 122
105 122
106 122
107 122
108 122
109 122
110 122
111 122
103 123
104 123
105 123
106 123
107 123
108 123
109 123
110 123
111 123
103 124
104 124
105 124
106 124
107 124
108 124
109 124
110 124
111 124
120 104
121 104
122 104
132 104
133 104
134 104
120 105
121 105
122 105
132 105
133 105
134 105
120 106
121 106
122 106
132 106
133 106
134 106
120 107
121 107
122 107
132 107
133 107
134 107
120 108
121 108
122 108
123 108
132 108
133 108
134 108
120 109
121 109
122 109
123 109
124 109
132 109
133 109
134 109
120 110
121 110
122 110
123 110
124 110
125 110
132 110
133 110
134 110
120 111
121 111
122 111
123 111
124 111
125 111
126 111
132 111
133 111
134 111
120 112
121 112
122 112
123 112
124 112
125 112
126 112
127 112
132 112
133 112
134 112
120 113
121 113
122 113
124 113
125 113
126 113
127 113
128 113
132 113
133 113
134 113
120 114
121 114
122 114
125 114
126 114
127 114
128 114
129 114
132 114
133 114
134 114
120 115
121 115
122 115
126 115
127 115
128 115
129 115
130 115
132 115
133 115
134 115
120 116
121 116
122 116
127 116
128 116
129 116
130 116
131 116
132 116
133 116
134 116
120 117
121 117
122 117
128 117
129 117
130 117
131 117
132 117
133 117
134 117
120 118
121 118
122 118
129 118
130 118
131 118
132 118
133 118
134 118
120 119
121 119
122 119
130 119
131 119
132 119
133 119
134 119
120 120
121 120
122 120
131 120
132 120
133 120
134 120
120 121
121 121
122 121
132 121
133 121
134 121
120 122
121 122
122 122
132 122
133 122
134 122
120 123
121 123
122 123
132 123
133 123
134 123
120 124
121 124
122 124
132 124
133 124
134 124
143 104
144 104
145 104
146 104
147 104
148 104
149 104
150 104
151 104
143 105
144 105
145 105
146 105
147 105
148 105
149 105
150 105
151 105
143 106
144 106
145 106
146 106
147 106
148 106
149 106
150 106
151 106
140 107
141 107
142 107
152 107
153 107
154 107
140 108
141 108
142 108
152 108
153 108
154 108
140 109
141 109
142 109
152 109
153 109
154 109
140 110
141 110
142 110
140 111
141 111
142 111
140 112
141 112
142 112
140 113
141 113
142 113
146 113
147 113
148 113
149 113
150 113
151 113
152 113
153 113
154 113
140 114
141 114
142 114
146 114
147 114
148 114
149 114
150 114
151 114
152 114
153 114
154 114
140 115
141 115
142 115
146 115
147 115
148 115
149 115
150 115
151 115
152 115
153 115
154 115
140 116
141 116
142 116
152 116
153 116
154 116
140 117
141 117
142 117
152 117
153 117
154 117
140 118
141 118
142 118
152 118
153 118
154 118
140 119
141 119
142 119
152 119
153 119
154 119
140 120
141 120
142 120
152 120
153 120
154 120
140 121
141 121
142 121
152 121
153 121
154 121
143 122
144 122
145 122
146 122
147 122
148 122
149 122
150 122
151 122
143 123
144 123
145 123
146 123
147 123
148 123
149 123
150 123
151 123
143 124
144 124
145 124
146 124
147 124
148 124
149 124
150 124
151 124
0 130
1 130
2 130
12 130
13 130
14 130
0 131
1 131
2 131
12 131
13 131
14 131
0 132
1 132
2 132
12 132
13 132
14 132
0 133
1 133
2 133
12 133
13 133
14 133
0 134
1 134
2 134
12 134
13 134
14 134
0 135
1 135
2 135
12 135
13 135
14 135
0 136
1 136
2 136
9 136
10 136
11 136
0 137
1 137
2 137
9 137
10 137
11 137
0 138
1 138
2 138
9 138
10 138
11 138
0 139
1 139
2 139
3 139
4 139
5 139
6 139
7 139
8 139
0 140
1 140
2 140
3 140
4 140
5 140
6 140
7 140
8 140
0 141
1 141
2 141
3 141
4 141
5 141
6 141
7 141
8 141
0 142
1 142
2 142
9 142
10 142
11 142
0 143
1 143
2 143
9 143
10 143
11 143
0 144
1 144
2 144
9 144
10 144
11 144
0 145
1 145
2 145
12 145
13 145
14 145
0 146
1 146
2 146
12 146
13 146
14 146
0 147
1 147
2 147
12 147
13 147
14 147
0 148
1 148
2 148
12 148
13 148
14 148
0 149
1 149
2 149
12 149
13 149
14 149
0 150
1 150
2 150
12 150
13 150
14 150
20 130
21 130
22 130
23 130
24 130
25 130
26 130
27 130
28 130
29 130
30 130
31 130
32 130
33 130
34 130
20 131
21 131
22 131
23 131
24 131
25 131
26 131
27 131
28 131
29 131
30 131
31 131
32 131
33 131
34 131
20 132
21 132
22 132
23 132
24 132
25 132
26 132
27 132
28 132
29 132
30 132
31 132
32 132
33 132
34 132
20 133
21 133
22 133
20 134
21 134
22 134
20 135
21 135
22 135
20 136
21 136
22 136
20 137
21 137
22 137
20 138
21 138
22 138
20 139
21 139
22 139
23 139
24 139
25 139
26 139
27 139
28 139
29 139
30 139
31 139
20 140
21 140
22 140
23 140
24 140
25 140
26 140
27 140
28 140
29 140
30 140
31 140
20 141
21 141
22 141
23 141
24 141
25 141
26 141
27 141
28 141
29 141
30 141
31 141
20 142
21 142
22 142
20 143
21 143
22 143
20 144
21 144
22 144
20 145
21 145
22 145
20 146
21 146
22 146
20 147
21 147
22 147
20 148
21 148
22 148
23 148
24 148
25 148
26 148
27 148
28 148
29 148
30 148
31 148
32 148
33 148
34 148
20 149
21 149
22 149
23 149
24 149
25 149
26 149
27 149
28 149
29 149
30 149
31 149
32 149
33 149
34 149
20 150
21 150
22 150
23 150
24 150
25 150
26 150
27 150
28 150
29 150
30 150
31 150
32 150
33 150
34 150
40 130
41 130
42 130
40 131
41 131
42 131
40 132
41 132
42 132
40 133
41 133
42 133
40 134
41 134
42 134
40 135
41 135
42 135
40 136
41 136
42 136
40 137
41 137
42 137
40 138
41 138
42 138
40 139
41 139
42 139
40 140
41 140
42 140
40 141
41 141
42 141
40 142
41 142
42 142
40 143
41 143
42 143
40 144
41 144
42 144
40 145
41 145
42 145
40 146
41 146
42 146
40 147
41 147
42 147
40 148
41 148
42 148
43 148
44 148
45 148
46 148
47 148
48 148
49 148
50 148
51 148
52 148
53 148
54 148
40 149
41 149
42 149
43 149
44 149
45 149
46 149
47 149
48 149
49 149
50 149
51 149
52 149
53 149
54 149
40 150
41 150
42 150
43 150
44 150
45 150
46 150
47 150
48 150
49 150
50 150
51 150
52 150
53 150
54 150
60 130
61 130
62 130
72 130
73 130
74 130
60 131
61 131
62 131
72 131
73 131
74 131
60 132
61 132
62 132
72 132
73 132
74 132
60 133
61 133
62 133
72 133
73 133
74 133
60 134
61 134
62 134
72 134
73 134
74 134
60 135
61 135
62 135
72 135
73 135
74 135
60 136
61 136
62 136
72 136
73 136
74 136
60 137
61 137
62 137
72 137
73 137
74 137
60 138
61 138
62 138
72 138
73 138
74 138
60 139
61 139
62 139
72 139
73 139
74 139
60 140
61 140
62 140
72 140
73 140
74 140
60 141
61 141
62 141
72 141
73 141
74 141
60 142
61 142
62 142
72 142
73 142
74 142
60 143
61 143
62 143
72 143
73 143
74 143
60 144
61 144
62 144
72 144
73 144
74 144
63 145
64 145
65 145
69 145
70 145
71 145
63 146
64 146
65 146
69 146
70 146
71 146
63 147
64 147
65 147
69 147
70 147
71 147
66 148
67 148
68 148
66 149
67 149
68 149
66 150
67 150
68 150
80 130
81 130
82 130
83 130
84 130
85 130
86 130
87 130
88 130
80 131
81 131
82 131
83 131
84 131
85 131
86 131
87 131
88 131
80 132
81 132
82 132
83 132
84 132
85 132
86 132
87 132
88 132
83 133
84 133
85 133
83 134
84 134
85 134
83 135
84 135
85 135
83 136
84 136
85 136
83 137
84 137
85 137
83 138
84 138
85 138
83 139
84 139
85 139
83 140
84 140
85 140
83 141
84 141
85 141
83 142
84 142
85 142
83 143
84 143
85 143
83 144
84 144
85 144
83 145
84 145
85 145
83 146
84 146
85 146
83 147
84 147
85 147
80 148
81 148
82 148
83 148
84 148
85 148
86 148
87 148
88 148
80 149
81 149
82 149
83 149
84 149
85 149
86 149
87 149
88 149
80 150
81 150
82 150
83 150
84 150
85 150
86 150
87 150
88 150
100 130
101 130
102 130
112 130
113 130
114 130
100 131
101 131
102 131
112 131
113 131
114 131
100 132
101 132
102 132
112 132
113 132
114 132
100 133
101 133
102 133
112 133
113 133
114 133
100 134
101 134
102 134
103 134
112 134
113 134
114 134
100 135
101 135
102 135
103 135
104 135
112 135
113 135
114 135
100 136
101 136
102 136
103 136
104 136
105 136
112 136
113 136
114 136
100 137
101 137
102 137
103 137
104 137
105 137
106 137
112 137
113 137
114 137
100 138
101 138
102 138
103 138
104 138
105 138
106 138
107 138
112 138
113 138
114 138
100 139
101 139
102 139
104 139
105 139
106 139
107 139
108 139
112 139
113 139
114 139
100 140
101 140
102 140
105 140
106 140
107 140
108 140
109 140
112 140
113 140
114 140
100 141
101 141
102 141
106 141
107 141
108 141
109 141
110 141
112 141
113 141
114 141
100 142
101 142
102 142
107 142
108 142
109 142
110 142
111 142
112 142
113 142
114 142
100 143
101 143
102 143
108 143
109 143
110 143
111 143
112 143
113 143
114 143
100 144
101 144
102 144
109 144
110 144
111 144
112 144
113 144
114 144
100 145
101 145
102 145
110 145
111 145
112 145
113 145
114 145
100 146
101 146
102 146
111 146
112 146
113 146
114 146
100 147
101 147
102 147
112 147
113 147
114 147
100 148
101 148
102 148
112 148
113 148
114 148
100 149
101 149
102 149
112 149
113 149
114 149
100 150
101 150
102 150
112 150
113 150
114 150
